0.01804947853088379
0.17241430282592773
0.3309445381164551
0.48787856101989746
0.6503629684448242
0.8097975254058838
0.9657814502716064
1.1222944259643555
1.2936675548553467
1.5574145317077637
1.7158396244049072
1.9060547351837158
2.097609043121338
2.2560667991638184
2.4595742225646973
2.627013921737671
2.7914981842041016
3.0010342597961426
3.1665637493133545
3.334620237350464
3.53874135017395
3.699202060699463
3.865260601043701
4.020677328109741
4.181683301925659
4.33959698677063
4.5487611293792725
4.714141607284546
4.886630296707153
5.089185476303101
5.253310441970825
5.420506238937378
5.633095741271973
5.797395944595337
5.9936230182647705
6.167036533355713
6.331024169921875
6.490299463272095
6.646367073059082
6.8107075691223145
6.973814249038696
7.172046184539795
7.328415632247925
7.499714374542236
7.700047492980957
7.861435890197754
8.046974182128906
8.227685928344727
8.393719911575317
8.589234352111816
8.765742063522339
8.92219614982605
9.086227178573608
9.24060869216919
9.395057201385498
9.55858850479126
9.754564762115479
9.912522554397583
10.082983016967773
10.266875743865967
10.431410074234009
10.886329650878906
11.058292627334595
11.3597993850708
11.518321752548218
11.709892988204956
11.892387628555298
12.049851655960083
12.210289239883423
12.365768194198608
12.523030042648315
12.68947172164917
12.888031244277954
13.049353122711182
13.228838682174683
13.42750859260559
13.592026472091675
13.794549226760864
13.969551086425781
14.126538753509521
14.34049367904663
14.50594186782837
14.675457000732422
14.834944009780884
14.989376068115234
15.146762609481812
15.340224742889404
15.513991594314575
15.683467626571655
15.841533899307251
16.000690698623657
16.20926070213318
16.401922702789307
16.579319953918457
16.755322694778442
16.94734787940979
17.122831344604492
17.30521273612976
17.483304023742676
17.651427268981934
17.8398540019989
18.040066719055176
18.210583448410034
18.412665367126465
18.59836220741272
18.77283215522766
18.989964962005615
19.16428256034851
19.352771997451782
19.55882239341736
19.722501516342163
19.885750770568848
20.043192386627197
20.199317932128906
20.364325523376465
20.56911015510559
20.735538721084595
20.917641639709473
21.105926036834717
21.266921043395996
21.46652889251709
21.638071298599243
21.8061044216156
21.982192993164062
22.16876196861267
22.327160358428955
22.535162925720215
22.715218782424927
22.88866090774536
23.095293760299683
23.261753797531128
23.428725004196167
23.629807233810425
23.784727334976196
23.95595145225525
24.146249771118164
24.31233286857605
24.491570711135864
24.67219591140747
24.82804560661316
24.99619436264038
25.149585723876953
25.308563709259033
25.478584051132202
25.681639909744263
25.844560384750366
26.020238161087036
26.219559907913208
26.384584426879883
26.578083753585815
26.753087043762207
26.91293716430664
27.082458972930908
27.246315240859985
27.453436136245728
27.61061692237854
27.770848751068115
27.94027352333069
28.11104679107666
28.306483030319214
28.469947576522827
28.67103862762451
28.854055404663086
29.01590347290039
29.21918034553528
29.38864541053772
29.557103872299194
29.771690130233765
29.953954935073853
30.11922836303711
30.277273654937744
30.439625024795532
30.62515091896057
30.826339960098267
31.000341415405273
31.17631697654724
31.372394800186157
31.537932634353638
31.728434562683105
31.909709453582764
32.078187465667725
32.27322864532471
32.454224586486816
32.61263847351074
32.77811551094055
32.93345761299133
33.095025300979614
33.28074622154236
33.45610499382019
33.61461138725281
33.82182598114014
33.99462151527405
34.157559871673584
34.36814284324646
34.53761172294617
34.71019172668457
34.90995526313782
